85.0 82.0 71.0 80.0
70.0 65.0 58.0 65.0
70.0 72.0 55.0 63.0
91.0 86.0 76.0 85.0
87.0 83.0 73.0 79.0
89.0 88.0 78.0 84.0
87.0 84.0 73.0 77.0
82.0 84.0 70.0 80.0
72.0 70.0 58.0 65.0
89.0 88.0 74.0 82.0
81.0 83.0 71.0 81.0
90.0 89.0 75.0 83.0
79.0 75.0 66.0 77.0
70.0 72.0 59.0 65.0
73.0 73.0 59.0 69.0
87.0 86.0 74.0 85.0
85.0 86.0 66.0 84.0
69.0 71.0 58.0 65.0
70.0 72.0 60.0 66.0
68.0 63.0 57.0 64.0
74.0 73.0 60.0 67.0
68.0 70.0 57.0 67.0
72.0 71.0 58.0 68.0
90.0 80.0 75.0 79.0
71.0 71.0 59.0 64.0
87.0 89.0 76.0 85.0
72.0 72.0 61.0 68.0
86.0 83.0 74.0 81.0
73.0 73.0 62.0 69.0
87.0 83.0 74.0 82.0
79.0 83.0 68.0 79.0
86.0 86.0 74.0 78.0
83.0 81.0 71.0 77.0
69.0 70.0 59.0 63.0
81.0 82.0 69.0 76.0
70.0 71.0 57.0 65.0
72.0 78.0 75.0 75.0
70.0 71.0 58.0 66.0
76.0 74.0 65.0 68.0
85.0 83.0 68.0 76.0
75.0 74.0 63.0 72.0
69.0 71.0 58.0 66.0
80.0 75.0 68.0 64.0
71.0 71.0 60.0 66.0
76.0 75.0 63.0 72.0
87.0 85.0 72.0 83.0
87.0 85.0 75.0 80.0
93.0 88.0 66.0 77.0
89.0 85.0 74.0 83.0
86.0 84.0 67.0 82.0
79.0 80.0 76.0 75.0
66.0 67.0 58.0 66.0
70.0 71.0 58.0 65.0
68.0 71.0 58.0 63.0
82.0 77.0 75.0 80.0
70.0 69.0 58.0 63.0
68.0 70.0 59.0 64.0
70.0 71.0 59.0 65.0
69.0 71.0 53.0 62.0
70.0 71.0 59.0 66.0
69.0 69.0 58.0 64.0
88.0 88.0 73.0 82.0
64.0 71.0 57.0 57.0
69.0 71.0 59.0 67.0
92.0 90.0 76.0 86.0
70.0 71.0 60.0 66.0
92.0 87.0 71.0 74.0
87.0 86.0 73.0 80.0
88.0 87.0 74.0 85.0
70.0 71.0 58.0 67.0
67.0 68.0 57.0 64.0
67.0 71.0 59.0 64.0
70.0 69.0 59.0 65.0
69.0 69.0 57.0 65.0
88.0 86.0 73.0 81.0
88.0 87.0 71.0 85.0
68.0 66.0 58.0 63.0
69.0 68.0 58.0 64.0
67.0 67.0 57.0 64.0
80.0 75.0 76.0 77.0
86.0 88.0 74.0 81.0
71.0 72.0 59.0 66.0
88.0 87.0 72.0 83.0
87.0 83.0 74.0 81.0
86.0 87.0 73.0 83.0
83.0 83.0 73.0 80.0
86.0 89.0 76.0 84.0
71.0 72.0 59.0 66.0
87.0 85.0 74.0 84.0
82.0 80.0 70.0 78.0
88.0 87.0 75.0 83.0
84.0 81.0 73.0 78.0
68.0 69.0 59.0 64.0
86.0 87.0 67.0 81.0
68.0 68.0 58.0 64.0
87.0 82.0 65.0 75.0
69.0 68.0 57.0 62.0
70.0 71.0 58.0 65.0
69.0 69.0 58.0 65.0
70.0 71.0 59.0 65.0
86.0 88.0 76.0 81.0
69.0 70.0 58.0 65.0
79.0 81.0 70.0 82.0
70.0 73.0 61.0 69.0
91.0 87.0 75.0 83.0
83.0 84.0 73.0 83.0
70.0 70.0 58.0 66.0
71.0 71.0 62.0 67.0
63.0 66.0 54.0 61.0
72.0 71.0 61.0 68.0
81.0 86.0 78.0 83.0
89.0 86.0 73.0 80.0
69.0 70.0 58.0 66.0
86.0 84.0 73.0 79.0
88.0 88.0 75.0 85.0
86.0 83.0 71.0 81.0
67.0 71.0 60.0 66.0
71.0 72.0 61.0 66.0
70.0 69.0 56.0 63.0
70.0 71.0 62.0 67.0
67.0 69.0 57.0 64.0
71.0 73.0 55.0 62.0
83.0 80.0 68.0 86.0
72.0 72.0 61.0 66.0
69.0 70.0 59.0 65.0
70.0 72.0 60.0 70.0
88.0 82.0 75.0 81.0
71.0 72.0 60.0 65.0
69.0 71.0 62.0 63.0
72.0 72.0 60.0 67.0
91.0 89.0 78.0 84.0
87.0 80.0 70.0 77.0
67.0 67.0 58.0 64.0
71.0 73.0 57.0 68.0
88.0 89.0 76.0 84.0
74.0 72.0 62.0 69.0
71.0 71.0 58.0 66.0
72.0 73.0 64.0 69.0
69.0 71.0 58.0 65.0
78.0 78.0 69.0 75.0
89.0 88.0 74.0 81.0
70.0 73.0 62.0 68.0
69.0 70.0 59.0 66.0
81.0 83.0 67.0 79.0
90.0 88.0 76.0 84.0
85.0 80.0 71.0 79.0
70.0 71.0 58.0 63.0
76.0 80.0 68.0 74.0
85.0 86.0 72.0 78.0
64.0 68.0 61.0 67.0
87.0 90.0 75.0 79.0
68.0 71.0 60.0 67.0
73.0 73.0 61.0 68.0
90.0 88.0 74.0 84.0
68.0 72.0 59.0 66.0
70.0 71.0 59.0 65.0
71.0 70.0 59.0 66.0
73.0 71.0 62.0 67.0
69.0 67.0 57.0 64.0
88.0 85.0 74.0 84.0
72.0 71.0 59.0 66.0
75.0 72.0 62.0 68.0
92.0 89.0 78.0 86.0
71.0 72.0 60.0 65.0
88.0 89.0 74.0 81.0
88.0 86.0 75.0 84.0
71.0 72.0 59.0 67.0
68.0 72.0 61.0 67.0
92.0 90.0 77.0 84.0
73.0 73.0 62.0 69.0
91.0 90.0 76.0 87.0
90.0 84.0 74.0 82.0
71.0 71.0 60.0 63.0
73.0 72.0 61.0 67.0
92.0 90.0 76.0 84.0
87.0 87.0 74.0 83.0
68.0 72.0 58.0 66.0
71.0 73.0 62.0 67.0
89.0 88.0 78.0 84.0
85.0 81.0 74.0 80.0
70.0 72.0 61.0 67.0
72.0 73.0 62.0 66.0
88.0 89.0 69.0 85.0
91.0 90.0 78.0 85.0
73.0 72.0 59.0 67.0
72.0 73.0 62.0 68.0
88.0 86.0 75.0 84.0
75.0 75.0 63.0 70.0
88.0 89.0 73.0 84.0
74.0 74.0 63.0 69.0
91.0 89.0 75.0 84.0
84.0 82.0 70.0 79.0
71.0 71.0 61.0 66.0
76.0 75.0 63.0 70.0
83.0 87.0 76.0 82.0
74.0 74.0 62.0 70.0
89.0 84.0 76.0 85.0
85.0 87.0 76.0 83.0
71.0 72.0 62.0 66.0
75.0 73.0 62.0 70.0
90.0 88.0 76.0 80.0
81.0 84.0 73.0 82.0
72.0 71.0 60.0 66.0
87.0 83.0 68.0 76.0
89.0 86.0 76.0 84.0
74.0 73.0 63.0 69.0
72.0 72.0 61.0 66.0
65.0 71.0 60.0 66.0
90.0 88.0 74.0 79.0
81.0 80.0 66.0 78.0
66.0 63.0 60.0 56.0
74.0 72.0 63.0 68.0
72.0 69.0 58.0 63.0
73.0 73.0 59.0 69.0
84.0 86.0 68.0 81.0
75.0 73.0 62.0 69.0
89.0 86.0 74.0 82.0
85.0 83.0 65.0 79.0
71.0 71.0 60.0 66.0
75.0 75.0 65.0 67.0
72.0 72.0 59.0 66.0
79.0 71.0 67.0 68.0
84.0 83.0 76.0 78.0
80.0 81.0 70.0 79.0
71.0 71.0 58.0 64.0
76.0 75.0 65.0 70.0
87.0 73.0 75.0 80.0
80.0 80.0 67.0 74.0
91.0 88.0 76.0 84.0
79.0 76.0 67.0 73.0
85.0 87.0 75.0 81.0
70.0 70.0 60.0 65.0
84.0 83.0 74.0 83.0
88.0 83.0 73.0 83.0
71.0 71.0 59.0 66.0
87.0 85.0 71.0 81.0
87.0 83.0 77.0 85.0
91.0 87.0 78.0 85.0
90.0 90.0 79.0 80.0
89.0 85.0 78.0 83.0
90.0 88.0 76.0 87.0
89.0 89.0 74.0 82.0
71.0 71.0 59.0 64.0
70.0 72.0 61.0 66.0
86.0 86.0 74.0 79.0
89.0 88.0 76.0 83.0
70.0 71.0 57.0 66.0
90.0 85.0 74.0 83.0
70.0 71.0 60.0 67.0
87.0 89.0 77.0 85.0
71.0 71.0 58.0 65.0
70.0 71.0 58.0 63.0
70.0 71.0 60.0 65.0
88.0 86.0 74.0 80.0
92.0 87.0 78.0 84.0
88.0 83.0 73.0 82.0
70.0 71.0 58.0 66.0
71.0 72.0 61.0 66.0
90.0 87.0 78.0 83.0
88.0 84.0 71.0 84.0
71.0 71.0 61.0 66.0
70.0 71.0 59.0 65.0
89.0 86.0 78.0 82.0
88.0 83.0 75.0 83.0
90.0 86.0 75.0 83.0
87.0 85.0 74.0 81.0
91.0 88.0 76.0 82.0
80.0 85.0 72.0 84.0
70.0 72.0 61.0 66.0
67.0 73.0 61.0 62.0
91.0 85.0 75.0 84.0
91.0 88.0 78.0 84.0
70.0 71.0 60.0 65.0
73.0 73.0 60.0 68.0
92.0 92.0 78.0 86.0
87.0 83.0 71.0 78.0
63.0 72.0 60.0 66.0
68.0 72.0 58.0 66.0
92.0 90.0 74.0 85.0
89.0 84.0 73.0 83.0
70.0 71.0 59.0 66.0
69.0 72.0 62.0 68.0
94.0 91.0 78.0 87.0
89.0 88.0 74.0 84.0
71.0 71.0 58.0 66.0
73.0 73.0 62.0 69.0
93.0 86.0 77.0 79.0
85.0 84.0 71.0 83.0
71.0 68.0 61.0 66.0
71.0 73.0 61.0 68.0
70.0 73.0 62.0 69.0
73.0 72.0 62.0 67.0
88.0 88.0 75.0 83.0
82.0 83.0 64.0 77.0
89.0 90.0 79.0 87.0
87.0 85.0 74.0 81.0
70.0 69.0 60.0 66.0
73.0 73.0 61.0 68.0
90.0 87.0 76.0 85.0
82.0 82.0 70.0 79.0
92.0 81.0 79.0 75.0
87.0 85.0 74.0 82.0
65.0 69.0 57.0 64.0
71.0 72.0 63.0 66.0
91.0 87.0 76.0 84.0
82.0 83.0 74.0 83.0
70.0 72.0 61.0 68.0
87.0 84.0 71.0 76.0
64.0 69.0 58.0 66.0
83.0 80.0 71.0 83.0
83.0 82.0 74.0 82.0
86.0 79.0 71.0 79.0
84.0 87.0 73.0 84.0
84.0 83.0 71.0 77.0
69.0 70.0 57.0 64.0
88.0 86.0 74.0 83.0
82.0 81.0 68.0 69.0
88.0 80.0 74.0 79.0
80.0 82.0 76.0 84.0
84.0 84.0 73.0 80.0
89.0 89.0 74.0 83.0
79.0 71.0 61.0 72.0
90.0 80.0 66.0 82.0
87.0 75.0 71.0 79.0
69.0 70.0 58.0 65.0
73.0 74.0 62.0 68.0
70.0 71.0 58.0 65.0
73.0 69.0 60.0 67.0
89.0 85.0 74.0 82.0
73.0 73.0 62.0 68.0
70.0 70.0 61.0 65.0
74.0 73.0 60.0 69.0
83.0 78.0 71.0 81.0
71.0 73.0 62.0 70.0
87.0 87.0 73.0 77.0
72.0 72.0 59.0 64.0
70.0 71.0 58.0 65.0
80.0 80.0 69.0 75.0
86.0 89.0 74.0 77.0
76.0 73.0 66.0 78.0
88.0 82.0 73.0 82.0
80.0 79.0 65.0 73.0
90.0 82.0 74.0 75.0
77.0 76.0 65.0 73.0
88.0 84.0 76.0 81.0
80.0 80.0 68.0 73.0
70.0 71.0 58.0 64.0
69.0 69.0 59.0 64.0
89.0 85.0 75.0 82.0
69.0 71.0 59.0 63.0
67.0 65.0 58.0 66.0
89.0 88.0 73.0 82.0
70.0 70.0 59.0 66.0
68.0 69.0 59.0 65.0
69.0 68.0 59.0 66.0
92.0 82.0 66.0 84.0
83.0 84.0 75.0 82.0
84.0 85.0 74.0 81.0
71.0 72.0 58.0 66.0
67.0 69.0 57.0 64.0
89.0 82.0 77.0 79.0
88.0 86.0 74.0 83.0
70.0 71.0 60.0 66.0
69.0 70.0 58.0 63.0
68.0 66.0 57.0 64.0
85.0 85.0 74.0 74.0
70.0 69.0 58.0 65.0
88.0 83.0 74.0 83.0
85.0 88.0 73.0 80.0
66.0 68.0 56.0 63.0
69.0 71.0 60.0 66.0
82.0 86.0 74.0 69.0
82.0 81.0 67.0 80.0
85.0 89.0 74.0 80.0
87.0 84.0 74.0 81.0
67.0 67.0 58.0 63.0
88.0 83.0 71.0 81.0
68.0 70.0 57.0 64.0
69.0 71.0 58.0 63.0
68.0 69.0 55.0 64.0
86.0 84.0 67.0 81.0
87.0 86.0 75.0 83.0
86.0 84.0 66.0 79.0
67.0 68.0 59.0 65.0
85.0 83.0 73.0 79.0
89.0 86.0 74.0 83.0
81.0 82.0 68.0 71.0
83.0 85.0 74.0 82.0
86.0 82.0 71.0 80.0
87.0 87.0 71.0 79.0
87.0 83.0 74.0 79.0
76.0 82.0 74.0 79.0
73.0 73.0 60.0 69.0
88.0 83.0 73.0 83.0
85.0 83.0 68.0 79.0
68.0 70.0 58.0 63.0
71.0 71.0 60.0 67.0
82.0 84.0 70.0 81.0
72.0 72.0 61.0 67.0
68.0 69.0 58.0 64.0
71.0 69.0 61.0 66.0
87.0 84.0 76.0 81.0
83.0 81.0 71.0 79.0
82.0 82.0 65.0 74.0
85.0 81.0 70.0 79.0
70.0 66.0 58.0 63.0
72.0 73.0 61.0 68.0
88.0 84.0 74.0 85.0
71.0 72.0 61.0 68.0
88.0 85.0 74.0 84.0
72.0 72.0 61.0 68.0
85.0 80.0 73.0 78.0
71.0 74.0 62.0 68.0
88.0 87.0 74.0 83.0
72.0 72.0 60.0 67.0
68.0 70.0 58.0 64.0
90.0 89.0 74.0 85.0
69.0 71.0 59.0 65.0
84.0 85.0 73.0 77.0
63.0 63.0 55.0 63.0
73.0 72.0 62.0 66.0
88.0 86.0 74.0 81.0
76.0 81.0 65.0 77.0
88.0 84.0 68.0 83.0
84.0 81.0 69.0 76.0
82.0 86.0 64.0 79.0
71.0 72.0 61.0 64.0
62.0 71.0 58.0 65.0
85.0 75.0 63.0 79.0
81.0 80.0 75.0 82.0
88.0 88.0 70.0 83.0
80.0 80.0 68.0 76.0
84.0 81.0 70.0 77.0
69.0 69.0 58.0 65.0
71.0 72.0 61.0 67.0
67.0 68.0 55.0 64.0
74.0 71.0 63.0 68.0
65.0 69.0 59.0 66.0
72.0 73.0 61.0 68.0
88.0 84.0 73.0 79.0
90.0 88.0 76.0 84.0
85.0 82.0 71.0 80.0
81.0 80.0 67.0 77.0
87.0 81.0 73.0 80.0
71.0 70.0 62.0 67.0
69.0 69.0 58.0 63.0
71.0 71.0 60.0 66.0
70.0 70.0 59.0 64.0
83.0 80.0 67.0 62.0
70.0 70.0 61.0 65.0
74.0 75.0 64.0 69.0
87.0 86.0 75.0 78.0
82.0 82.0 69.0 76.0
70.0 69.0 58.0 65.0
73.0 73.0 61.0 68.0
68.0 66.0 57.0 63.0
83.0 80.0 71.0 77.0
69.0 69.0 54.0 64.0
83.0 76.0 70.0 66.0
85.0 83.0 71.0 83.0
80.0 82.0 69.0 77.0
87.0 79.0 75.0 73.0
84.0 86.0 74.0 80.0
86.0 83.0 73.0 72.0
84.0 80.0 69.0 78.0
88.0 86.0 68.0 83.0
82.0 79.0 69.0 77.0
67.0 71.0 58.0 65.0
72.0 73.0 61.0 67.0
64.0 71.0 55.0 66.0
73.0 73.0 63.0 67.0
86.0 83.0 60.0 78.0
82.0 81.0 69.0 77.0
81.0 82.0 71.0 75.0
71.0 71.0 61.0 69.0
86.0 88.0 74.0 84.0
80.0 81.0 68.0 76.0
88.0 83.0 73.0 81.0
88.0 84.0 74.0 83.0
88.0 84.0 73.0 83.0
80.0 81.0 68.0 73.0
82.0 80.0 69.0 77.0
88.0 81.0 71.0 83.0
69.0 69.0 58.0 65.0
73.0 73.0 58.0 65.0
69.0 69.0 58.0 64.0
92.0 89.0 78.0 84.0
88.0 87.0 70.0 80.0
69.0 70.0 57.0 64.0
70.0 69.0 57.0 66.0
89.0 87.0 75.0 79.0
87.0 86.0 74.0 83.0
91.0 89.0 78.0 84.0
77.0 78.0 69.0 82.0
65.0 67.0 54.0 62.0
69.0 69.0 58.0 65.0
68.0 69.0 58.0 63.0
89.0 81.0 78.0 81.0
90.0 86.0 74.0 81.0
90.0 87.0 74.0 83.0
66.0 68.0 57.0 63.0
84.0 84.0 73.0 77.0
90.0 88.0 75.0 83.0
69.0 70.0 58.0 63.0
90.0 88.0 76.0 84.0
64.0 69.0 59.0 59.0
65.0 71.0 55.0 64.0
70.0 68.0 57.0 63.0
88.0 83.0 74.0 83.0
70.0 71.0 59.0 64.0
76.0 75.0 66.0 71.0
70.0 70.0 58.0 64.0
87.0 84.0 72.0 82.0
69.0 68.0 56.0 64.0
69.0 67.0 57.0 63.0
69.0 70.0 59.0 64.0
63.0 69.0 58.0 64.0
68.0 69.0 55.0 64.0
69.0 61.0 56.0 64.0
90.0 88.0 75.0 83.0
68.0 68.0 56.0 62.0
71.0 71.0 58.0 64.0
66.0 67.0 57.0 62.0
68.0 69.0 55.0 63.0
64.0 67.0 57.0 63.0
86.0 83.0 69.0 84.0
84.0 83.0 68.0 82.0
57.0 60.0 58.0 60.0
63.0 69.0 57.0 58.0
68.0 71.0 57.0 66.0
85.0 81.0 71.0 79.0
81.0 79.0 71.0 76.0
67.0 68.0 58.0 64.0
71.0 71.0 57.0 65.0
89.0 88.0 73.0 83.0
75.0 84.0 67.0 76.0
67.0 68.0 56.0 64.0
89.0 86.0 73.0 83.0
69.0 69.0 58.0 64.0
70.0 70.0 59.0 64.0
68.0 68.0 57.0 63.0
86.0 84.0 70.0 74.0
70.0 69.0 57.0 63.0
72.0 69.0 58.0 65.0
87.0 86.0 72.0 83.0
87.0 83.0 73.0 79.0
89.0 88.0 73.0 84.0
73.0 74.0 61.0 66.0
69.0 69.0 58.0 63.0
86.0 84.0 73.0 79.0
69.0 69.0 59.0 65.0
71.0 72.0 62.0 65.0
69.0 70.0 57.0 63.0
71.0 72.0 60.0 66.0
69.0 69.0 58.0 63.0
83.0 82.0 70.0 79.0
64.0 63.0 59.0 64.0
70.0 72.0 60.0 65.0
70.0 69.0 59.0 63.0
70.0 69.0 59.0 64.0
68.0 67.0 57.0 64.0
72.0 69.0 60.0 64.0
86.0 83.0 73.0 80.0
68.0 72.0 62.0 67.0
88.0 83.0 68.0 83.0
71.0 72.0 60.0 66.0
87.0 83.0 73.0 81.0
85.0 83.0 72.0 79.0
88.0 84.0 73.0 80.0
70.0 71.0 60.0 67.0
67.0 69.0 57.0 63.0
83.0 79.0 69.0 78.0
69.0 69.0 58.0 64.0
70.0 72.0 61.0 65.0
85.0 83.0 73.0 78.0
84.0 80.0 64.0 78.0
66.0 67.0 57.0 61.0
73.0 69.0 62.0 68.0
68.0 69.0 58.0 63.0
81.0 80.0 69.0 74.0
67.0 71.0 59.0 66.0
73.0 72.0 62.0 68.0
90.0 87.0 75.0 80.0
82.0 81.0 69.0 77.0
66.0 69.0 58.0 65.0
74.0 73.0 62.0 69.0
85.0 83.0 71.0 80.0
89.0 86.0 75.0 82.0
84.0 78.0 73.0 77.0
69.0 68.0 58.0 64.0
88.0 88.0 66.0 81.0
87.0 84.0 73.0 81.0
70.0 73.0 59.0 66.0
86.0 82.0 69.0 82.0
71.0 71.0 60.0 66.0
68.0 68.0 57.0 66.0
71.0 73.0 60.0 68.0
60.0 68.0 57.0 59.0
78.0 80.0 71.0 78.0
68.0 69.0 58.0 64.0
85.0 83.0 69.0 76.0
88.0 85.0 74.0 81.0
70.0 72.0 59.0 66.0
85.0 85.0 74.0 80.0
71.0 71.0 60.0 66.0
88.0 84.0 74.0 81.0
89.0 85.0 71.0 81.0
86.0 85.0 69.0 81.0
86.0 84.0 70.0 81.0
68.0 69.0 57.0 63.0
40.0 40.0 36.0 37.0
28.0 28.0 24.0 25.0
26.0 26.0 23.0 23.0
25.0 26.0 22.0 23.0
24.0 25.0 22.0 22.0
23.0 24.0 21.0 21.0
24.0 24.0 22.0 22.0
22.0 23.0 19.0 20.0
22.0 23.0 19.0 20.0
22.0 22.0 18.0 19.0
21.0 22.0 19.0 19.0
21.0 22.0 18.0 19.0
21.0 21.0 18.0 19.0
21.0 21.0 17.0 18.0
20.0 21.0 17.0 18.0
20.0 21.0 17.0 18.0
20.0 21.0 17.0 18.0
20.0 21.0 17.0 18.0
20.0 21.0 17.0 18.0
20.0 21.0 17.0 18.0
